530 260
531 296
534 329
539 359
551 388
570 410
594 431
620 450
648 458
678 454
707 436
735 413
759 387
776 358
785 325
788 290
788 252
554 212
569 199
589 197
609 202
628 212
680 211
701 199
722 193
744 198
758 217
653 241
653 263
653 284
652 307
630 323
640 327
651 331
664 328
676 325
579 249
592 239
608 239
621 250
607 254
591 255
687 249
701 239
716 239
729 249
717 254
701 253
609 369
625 361
640 355
649 359
659 357
677 366
696 377
676 397
659 403
648 402
637 399
623 390
617 371
639 368
649 371
659 371
688 377
659 378
649 378
639 376
