531 259
531 296
534 329
539 359
551 388
569 410
594 431
620 449
647 458
677 454
706 436
735 413
758 387
776 358
785 326
788 290
788 252
554 212
569 199
589 197
608 202
627 212
680 211
701 199
723 193
744 198
759 218
653 241
653 264
653 284
652 308
630 323
640 327
651 331
663 328
675 325
579 249
592 240
608 240
621 250
607 254
591 255
687 249
700 239
716 239
729 249
716 254
701 253
609 369
625 360
639 355
649 359
659 357
677 365
696 377
676 397
659 403
648 402
637 399
623 390
617 370
639 368
649 370
659 370
687 377
659 378
648 378
639 376
