531 263
531 299
534 334
540 364
553 394
572 417
596 439
621 459
648 468
677 463
704 445
732 421
753 395
770 366
782 333
787 297
788 259
555 213
571 199
591 197
611 203
629 214
681 212
702 200
725 194
747 201
760 224
654 242
654 265
654 286
652 310
629 325
640 330
652 334
664 331
676 328
580 250
593 241
609 241
622 252
608 256
592 256
688 251
702 241
717 242
730 251
717 256
702 255
609 376
625 366
640 361
650 365
660 362
678 371
696 384
677 406
660 414
648 413
637 411
623 400
618 377
639 372
649 375
660 375
687 384
660 389
649 390
639 388
